set AUTOBUSES := a1 a2 a3 a4 a5 a6 a7 a8 a9 a10 a11 a12 a13 a14 a15 a16 a17 a18 a19 a20;

set TALLERES := t1 t2;

set FRANJAS := f1 f2 f3 f4 f5 f6 f7 f8 f9 f10;

param c : a1 a2 a3 a4 a5 a6 a7 a8 a9 a10 a11 a12 a13 a14 a15 a16 a17 a18 a19 a20 :=
a1 5.0 12.0 8.0 3.0 15.0 7.0 2.0 11.0 6.0 14.0 9.0 4.0 13.0 1.0 10.0 16.0 18.0 20.0 17.0 19.0
a2 12.0 3.0 15.0 7.0 2.0 11.0 6.0 14.0 9.0 4.0 13.0 1.0 10.0 5.0 16.0 8.0 17.0 19.0 18.0 20.0
a3 8.0 15.0 4.0 11.0 7.0 14.0 3.0 10.0 13.0 6.0 2.0 9.0 1.0 12.0 5.0 17.0 19.0 16.0 20.0 18.0
a4 3.0 7.0 11.0 6.0 14.0 2.0 10.0 5.0 13.0 8.0 1.0 12.0 4.0 9.0 15.0 18.0 20.0 17.0 19.0 16.0
a5 15.0 2.0 7.0 14.0 9.0 13.0 5.0 12.0 4.0 11.0 8.0 3.0 6.0 10.0 1.0 19.0 16.0 18.0 20.0 17.0
a6 7.0 11.0 14.0 2.0 13.0 8.0 12.0 3.0 10.0 5.0 4.0 6.0 9.0 1.0 15.0 20.0 17.0 19.0 16.0 18.0
a7 2.0 6.0 3.0 10.0 5.0 12.0 7.0 13.0 1.0 9.0 11.0 8.0 14.0 4.0 15.0 16.0 18.0 20.0 17.0 19.0
a8 11.0 14.0 10.0 5.0 12.0 3.0 13.0 9.0 7.0 1.0 6.0 4.0 2.0 8.0 15.0 17.0 19.0 16.0 20.0 18.0
a9 6.0 9.0 13.0 13.0 4.0 10.0 1.0 7.0 11.0 12.0 5.0 2.0 8.0 3.0 14.0 18.0 20.0 17.0 19.0 16.0
a10 14.0 4.0 6.0 8.0 11.0 5.0 9.0 1.0 12.0 10.0 7.0 13.0 3.0 2.0 15.0 19.0 16.0 18.0 20.0 17.0
a11 9.0 13.0 2.0 1.0 8.0 4.0 11.0 6.0 5.0 7.0 10.0 14.0 12.0 3.0 15.0 20.0 17.0 19.0 16.0 18.0
a12 4.0 1.0 9.0 12.0 3.0 6.0 8.0 4.0 2.0 13.0 14.0 10.0 7.0 11.0 5.0 16.0 18.0 20.0 17.0 19.0
a13 13.0 10.0 1.0 4.0 6.0 9.0 14.0 2.0 8.0 3.0 12.0 7.0 11.0 5.0 15.0 17.0 19.0 16.0 20.0 18.0
a14 1.0 5.0 12.0 9.0 10.0 1.0 4.0 8.0 3.0 2.0 3.0 11.0 5.0 13.0 6.0 18.0 20.0 17.0 19.0 16.0
a15 10.0 16.0 5.0 15.0 1.0 15.0 15.0 15.0 14.0 15.0 15.0 15.0 15.0 6.0 15.0 20.0 17.0 19.0 16.0 18.0
a16 16.0 8.0 17.0 18.0 19.0 20.0 16.0 17.0 18.0 19.0 16.0 16.0 17.0 18.0 20.0 10.0 12.0 14.0 11.0 13.0
a17 18.0 17.0 19.0 20.0 16.0 17.0 18.0 19.0 20.0 16.0 17.0 18.0 19.0 20.0 17.0 12.0 8.0 6.0 9.0 7.0
a18 20.0 19.0 16.0 17.0 18.0 19.0 20.0 16.0 17.0 18.0 19.0 20.0 16.0 17.0 19.0 14.0 6.0 4.0 8.0 5.0
a19 17.0 18.0 20.0 19.0 20.0 16.0 17.0 18.0 19.0 20.0 18.0 17.0 20.0 19.0 16.0 11.0 9.0 8.0 7.0 10.0
a20 19.0 20.0 18.0 16.0 17.0 18.0 19.0 20.0 16.0 17.0 19.0 19.0 18.0 16.0 18.0 13.0 7.0 5.0 10.0 9.0
;

param o : t1 t2 :=
f1 1.0 1.0
f2 1.0 1.0
f3 1.0 1.0
f4 1.0 1.0
f5 1.0 1.0
f6 1.0 1.0
f7 1.0 1.0
f8 1.0 1.0
f9 1.0 1.0
f10 1.0 1.0
;

end;
