25 50 2
15 28 10 22 35 8 32 18 26 12 42 20 9 30 6 38 16 24 5 44 31 4 48 45 50 52 54 56 58 60 62 64 66 68 70 72 74 76 78 80 82 84 86 88 90 92 94 96 98 100
28 10 22 35 8 32 18 26 12 42 20 9 30 6 38 16 24 5 44 31 4 48 45 50 52 54 56 58 60 62 64 66 68 70 72 74 76 78 80 82 84 86 88 90 92 94 96 98 100 15
10 22 35 8 32 18 26 12 42 20 9 30 6 38 16 24 5 44 31 4 48 45 50 52 54 56 58 60 62 64 66 68 70 72 74 76 78 80 82 84 86 88 90 92 94 96 98 100 15 28
22 35 8 32 18 26 12 42 20 9 30 6 38 16 24 5 44 31 4 48 45 50 52 54 56 58 60 62 64 66 68 70 72 74 76 78 80 82 84 86 88 90 92 94 96 98 100 15 28 10
35 8 32 18 26 12 42 20 9 30 6 38 16 24 5 44 31 4 48 45 50 52 54 56 58 60 62 64 66 68 70 72 74 76 78 80 82 84 86 88 90 92 94 96 98 100 15 28 10 22
8 32 18 26 12 42 20 9 30 6 38 16 24 5 44 31 4 48 45 50 52 54 56 58 60 62 64 66 68 70 72 74 76 78 80 82 84 86 88 90 92 94 96 98 100 15 28 10 22 35
32 18 26 12 42 20 9 30 6 38 16 24 5 44 31 4 48 45 50 52 54 56 58 60 62 64 66 68 70 72 74 76 78 80 82 84 86 88 90 92 94 96 98 100 15 28 10 22 35 8
18 26 12 42 20 9 30 6 38 16 24 5 44 31 4 48 45 50 52 54 56 58 60 62 64 66 68 70 72 74 76 78 80 82 84 86 88 90 92 94 96 98 100 15 28 10 22 35 8 32
26 12 42 20 9 30 6 38 16 24 5 44 31 4 48 45 50 52 54 56 58 60 62 64 66 68 70 72 74 76 78 80 82 84 86 88 90 92 94 96 98 100 15 28 10 22 35 8 32 18
12 42 20 9 30 6 38 16 24 5 44 31 4 48 45 50 52 54 56 58 60 62 64 66 68 70 72 74 76 78 80 82 84 86 88 90 92 94 96 98 100 15 28 10 22 35 8 32 18 26
42 20 9 30 6 38 16 24 5 44 31 4 48 45 50 52 54 56 58 60 62 64 66 68 70 72 74 76 78 80 82 84 86 88 90 92 94 96 98 100 15 28 10 22 35 8 32 18 26 12
20 9 30 6 38 16 24 5 44 31 4 48 45 50 52 54 56 58 60 62 64 66 68 70 72 74 76 78 80 82 84 86 88 90 92 94 96 98 100 15 28 10 22 35 8 32 18 26 12 42
9 30 6 38 16 24 5 44 31 4 48 45 50 52 54 56 58 60 62 64 66 68 70 72 74 76 78 80 82 84 86 88 90 92 94 96 98 100 15 28 10 22 35 8 32 18 26 12 42 20
30 6 38 16 24 5 44 31 4 48 45 50 52 54 56 58 60 62 64 66 68 70 72 74 76 78 80 82 84 86 88 90 92 94 96 98 100 15 28 10 22 35 8 32 18 26 12 42 20 9
6 38 16 24 5 44 31 4 48 45 50 52 54 56 58 60 62 64 66 68 70 72 74 76 78 80 82 84 86 88 90 92 94 96 98 100 15 28 10 22 35 8 32 18 26 12 42 20 9 30
38 16 24 5 44 31 4 48 45 50 52 54 56 58 60 62 64 66 68 70 72 74 76 78 80 82 84 86 88 90 92 94 96 98 100 15 28 10 22 35 8 32 18 26 12 42 20 9 30 6
16 24 5 44 31 4 48 45 50 52 54 56 58 60 62 64 66 68 70 72 74 76 78 80 82 84 86 88 90 92 94 96 98 100 15 28 10 22 35 8 32 18 26 12 42 20 9 30 6 38
24 5 44 31 4 48 45 50 52 54 56 58 60 62 64 66 68 70 72 74 76 78 80 82 84 86 88 90 92 94 96 98 100 15 28 10 22 35 8 32 18 26 12 42 20 9 30 6 38 16
5 44 31 4 48 45 50 52 54 56 58 60 62 64 66 68 70 72 74 76 78 80 82 84 86 88 90 92 94 96 98 100 15 28 10 22 35 8 32 18 26 12 42 20 9 30 6 38 16 24
44 31 4 48 45 50 52 54 56 58 60 62 64 66 68 70 72 74 76 78 80 82 84 86 88 90 92 94 96 98 100 15 28 10 22 35 8 32 18 26 12 42 20 9 30 6 38 16 24 5
31 4 48 45 50 52 54 56 58 60 62 64 66 68 70 72 74 76 78 80 82 84 86 88 90 92 94 96 98 100 15 28 10 22 35 8 32 18 26 12 42 20 9 30 6 38 16 24 5 44
4 48 45 50 52 54 56 58 60 62 64 66 68 70 72 74 76 78 80 82 84 86 88 90 92 94 96 98 100 15 28 10 22 35 8 32 18 26 12 42 20 9 30 6 38 16 24 5 44 31
48 45 50 52 54 56 58 60 62 64 66 68 70 72 74 76 78 80 82 84 86 88 90 92 94 96 98 100 15 28 10 22 35 8 32 18 26 12 42 20 9 30 6 38 16 24 5 44 31 4
45 50 52 54 56 58 60 62 64 66 68 70 72 74 76 78 80 82 84 86 88 90 92 94 96 98 100 15 28 10 22 35 8 32 18 26 12 42 20 9 30 6 38 16 24 5 44 31 4 48
50 52 54 56 58 60 62 64 66 68 70 72 74 76 78 80 82 84 86 88 90 92 94 96 98 100 15 28 10 22 35 8 32 18 26 12 42 20 9 30 6 38 16 24 5 44 31 4 48 45
52 54 56 58 60 62 64 66 68 70 72 74 76 78 80 82 84 86 88 90 92 94 96 98 100 15 28 10 22 35 8 32 18 26 12 42 20 9 30 6 38 16 24 5 44 31 4 48 45 50
54 56 58 60 62 64 66 68 70 72 74 76 78 80 82 84 86 88 90 92 94 96 98 100 15 28 10 22 35 8 32 18 26 12 42 20 9 30 6 38 16 24 5 44 31 4 48 45 50 52
56 58 60 62 64 66 68 70 72 74 76 78 80 82 84 86 88 90 92 94 96 98 100 15 28 10 22 35 8 32 18 26 12 42 20 9 30 6 38 16 24 5 44 31 4 48 45 50 52 54
58 60 62 64 66 68 70 72 74 76 78 80 82 84 86 88 90 92 94 96 98 100 15 28 10 22 35 8 32 18 26 12 42 20 9 30 6 38 16 24 5 44 31 4 48 45 50 52 54 56
60 62 64 66 68 70 72 74 76 78 80 82 84 86 88 90 92 94 96 98 100 15 28 10 22 35 8 32 18 26 12 42 20 9 30 6 38 16 24 5 44 31 4 48 45 50 52 54 56 58
62 64 66 68 70 72 74 76 78 80 82 84 86 88 90 92 94 96 98 100 15 28 10 22 35 8 32 18 26 12 42 20 9 30 6 38 16 24 5 44 31 4 48 45 50 52 54 56 58 60
64 66 68 70 72 74 76 78 80 82 84 86 88 90 92 94 96 98 100 15 28 10 22 35 8 32 18 26 12 42 20 9 30 6 38 16 24 5 44 31 4 48 45 50 52 54 56 58 60 62
66 68 70 72 74 76 78 80 82 84 86 88 90 92 94 96 98 100 15 28 10 22 35 8 32 18 26 12 42 20 9 30 6 38 16 24 5 44 31 4 48 45 50 52 54 56 58 60 62 64
68 70 72 74 76 78 80 82 84 86 88 90 92 94 96 98 100 15 28 10 22 35 8 32 18 26 12 42 20 9 30 6 38 16 24 5 44 31 4 48 45 50 52 54 56 58 60 62 64 66
70 72 74 76 78 80 82 84 86 88 90 92 94 96 98 100 15 28 10 22 35 8 32 18 26 12 42 20 9 30 6 38 16 24 5 44 31 4 48 45 50 52 54 56 58 60 62 64 66 68
72 74 76 78 80 82 84 86 88 90 92 94 96 98 100 15 28 10 22 35 8 32 18 26 12 42 20 9 30 6 38 16 24 5 44 31 4 48 45 50 52 54 56 58 60 62 64 66 68 70
74 76 78 80 82 84 86 88 90 92 94 96 98 100 15 28 10 22 35 8 32 18 26 12 42 20 9 30 6 38 16 24 5 44 31 4 48 45 50 52 54 56 58 60 62 64 66 68 70 72
76 78 80 82 84 86 88 90 92 94 96 98 100 15 28 10 22 35 8 32 18 26 12 42 20 9 30 6 38 16 24 5 44 31 4 48 45 50 52 54 56 58 60 62 64 66 68 70 72 74
78 80 82 84 86 88 90 92 94 96 98 100 15 28 10 22 35 8 32 18 26 12 42 20 9 30 6 38 16 24 5 44 31 4 48 45 50 52 54 56 58 60 62 64 66 68 70 72 74 76
80 82 84 86 88 90 92 94 96 98 100 15 28 10 22 35 8 32 18 26 12 42 20 9 30 6 38 16 24 5 44 31 4 48 45 50 52 54 56 58 60 62 64 66 68 70 72 74 76 78
82 84 86 88 90 92 94 96 98 100 15 28 10 22 35 8 32 18 26 12 42 20 9 30 6 38 16 24 5 44 31 4 48 45 50 52 54 56 58 60 62 64 66 68 70 72 74 76 78 80
84 86 88 90 92 94 96 98 100 15 28 10 22 35 8 32 18 26 12 42 20 9 30 6 38 16 24 5 44 31 4 48 45 50 52 54 56 58 60 62 64 66 68 70 72 74 76 78 80 82
86 88 90 92 94 96 98 100 15 28 10 22 35 8 32 18 26 12 42 20 9 30 6 38 16 24 5 44 31 4 48 45 50 52 54 56 58 60 62 64 66 68 70 72 74 76 78 80 82 84
88 90 92 94 96 98 100 15 28 10 22 35 8 32 18 26 12 42 20 9 30 6 38 16 24 5 44 31 4 48 45 50 52 54 56 58 60 62 64 66 68 70 72 74 76 78 80 82 84 86
90 92 94 96 98 100 15 28 10 22 35 8 32 18 26 12 42 20 9 30 6 38 16 24 5 44 31 4 48 45 50 52 54 56 58 60 62 64 66 68 70 72 74 76 78 80 82 84 86 88
92 94 96 98 100 15 28 10 22 35 8 32 18 26 12 42 20 9 30 6 38 16 24 5 44 31 4 48 45 50 52 54 56 58 60 62 64 66 68 70 72 74 76 78 80 82 84 86 88 90
94 96 98 100 15 28 10 22 35 8 32 18 26 12 42 20 9 30 6 38 16 24 5 44 31 4 48 45 50 52 54 56 58 60 62 64 66 68 70 72 74 76 78 80 82 84 86 88 90 92
96 98 100 15 28 10 22 35 8 32 18 26 12 42 20 9 30 6 38 16 24 5 44 31 4 48 45 50 52 54 56 58 60 62 64 66 68 70 72 74 76 78 80 82 84 86 88 90 92 94
98 100 15 28 10 22 35 8 32 18 26 12 42 20 9 30 6 38 16 24 5 44 31 4 48 45 50 52 54 56 58 60 62 64 66 68 70 72 74 76 78 80 82 84 86 88 90 92 94 96
100 15 28 10 22 35 8 32 18 26 12 42 20 9 30 6 38 16 24 5 44 31 4 48 45 50 52 54 56 58 60 62 64 66 68 70 72 74 76 78 80 82 84 86 88 90 92 94 96 98
1 1
1 1
1 1
1 1
1 1
1 1
1 1
1 1
1 1
1 1
1 1
1 1
1 1
1 1
1 1
1 1
1 1
1 1
1 1
1 1
1 1
1 1
1 1
1 1
1 1