10 20 2
5 12 8 3 15 7 2 11 6 14 9 4 13 1 10 16 18 20 17 19
12 3 15 7 2 11 6 14 9 4 13 1 10 5 16 8 17 19 18 20
8 15 4 11 7 14 3 10 13 6 2 9 1 12 5 17 19 16 20 18
3 7 11 6 14 2 10 5 13 8 1 12 4 9 15 18 20 17 19 16
15 2 7 14 9 13 5 12 4 11 8 3 6 10 1 19 16 18 20 17
7 11 14 2 13 8 12 3 10 5 4 6 9 1 15 20 17 19 16 18
2 6 3 10 5 12 7 13 1 9 11 8 14 4 15 16 18 20 17 19
11 14 10 5 12 3 13 9 7 1 6 4 2 8 15 17 19 16 20 18
6 9 13 13 4 10 1 7 11 12 5 2 8 3 14 18 20 17 19 16
14 4 6 8 11 5 9 1 12 10 7 13 3 2 15 19 16 18 20 17
9 13 2 1 8 4 11 6 5 7 10 14 12 3 15 20 17 19 16 18
4 1 9 12 3 6 8 4 2 13 14 10 7 11 5 16 18 20 17 19
13 10 1 4 6 9 14 2 8 3 12 7 11 5 15 17 19 16 20 18
1 5 12 9 10 1 4 8 3 2 3 11 5 13 6 18 20 17 19 16
10 16 5 15 1 15 15 15 14 15 15 15 15 6 15 20 17 19 16 18
16 8 17 18 19 20 16 17 18 19 16 16 17 18 20 10 12 14 11 13
18 17 19 20 16 17 18 19 20 16 17 18 19 20 17 12 8 6 9 7
20 19 16 17 18 19 20 16 17 18 19 20 16 17 19 14 6 4 8 5
17 18 20 19 20 16 17 18 19 20 18 17 20 19 16 11 9 8 7 10
19 20 18 16 17 18 19 20 16 17 19 19 18 16 18 13 7 5 10 9
1 1
1 1
1 1
1 1
1 1
1 1
1 1
1 1
1 1
1 1