10 40 4
12 25 8 20 30 6 28 15 22 10 35 18 7 24 5 32 14 19 4 36 26 3 40 38 42 44 46 48 50 52 54 56 58 60 62 64 66 68 70 72
25 8 20 30 6 28 15 22 10 35 18 7 24 5 32 14 19 4 36 26 3 40 38 42 44 46 48 50 52 54 56 58 60 62 64 66 68 70 72 12
8 20 30 6 28 15 22 10 35 18 7 24 5 32 14 19 4 36 26 3 40 38 42 44 46 48 50 52 54 56 58 60 62 64 66 68 70 72 12 25
20 30 6 28 15 22 10 35 18 7 24 5 32 14 19 4 36 26 3 40 38 42 44 46 48 50 52 54 56 58 60 62 64 66 68 70 72 12 25 8
30 6 28 15 22 10 35 18 7 24 5 32 14 19 4 36 26 3 40 38 42 44 46 48 50 52 54 56 58 60 62 64 66 68 70 72 12 25 8 20
6 28 15 22 10 35 18 7 24 5 32 14 19 4 36 26 3 40 38 42 44 46 48 50 52 54 56 58 60 62 64 66 68 70 72 12 25 8 20 30
28 15 22 10 35 18 7 24 5 32 14 19 4 36 26 3 40 38 42 44 46 48 50 52 54 56 58 60 62 64 66 68 70 72 12 25 8 20 30 6
15 22 10 35 18 7 24 5 32 14 19 4 36 26 3 40 38 42 44 46 48 50 52 54 56 58 60 62 64 66 68 70 72 12 25 8 20 30 6 28
22 10 35 18 7 24 5 32 14 19 4 36 26 3 40 38 42 44 46 48 50 52 54 56 58 60 62 64 66 68 70 72 12 25 8 20 30 6 28 15
10 35 18 7 24 5 32 14 19 4 36 26 3 40 38 42 44 46 48 50 52 54 56 58 60 62 64 66 68 70 72 12 25 8 20 30 6 28 15 22
35 18 7 24 5 32 14 19 4 36 26 3 40 38 42 44 46 48 50 52 54 56 58 60 62 64 66 68 70 72 12 25 8 20 30 6 28 15 22 10
18 7 24 5 32 14 19 4 36 26 3 40 38 42 44 46 48 50 52 54 56 58 60 62 64 66 68 70 72 12 25 8 20 30 6 28 15 22 10 35
7 24 5 32 14 19 4 36 26 3 40 38 42 44 46 48 50 52 54 56 58 60 62 64 66 68 70 72 12 25 8 20 30 6 28 15 22 10 35 18
24 5 32 14 19 4 36 26 3 40 38 42 44 46 48 50 52 54 56 58 60 62 64 66 68 70 72 12 25 8 20 30 6 28 15 22 10 35 18 7
5 32 14 19 4 36 26 3 40 38 42 44 46 48 50 52 54 56 58 60 62 64 66 68 70 72 12 25 8 20 30 6 28 15 22 10 35 18 7 24
32 14 19 4 36 26 3 40 38 42 44 46 48 50 52 54 56 58 60 62 64 66 68 70 72 12 25 8 20 30 6 28 15 22 10 35 18 7 24 5
14 19 4 36 26 3 40 38 42 44 46 48 50 52 54 56 58 60 62 64 66 68 70 72 12 25 8 20 30 6 28 15 22 10 35 18 7 24 5 32
19 4 36 26 3 40 38 42 44 46 48 50 52 54 56 58 60 62 64 66 68 70 72 12 25 8 20 30 6 28 15 22 10 35 18 7 24 5 32 14
4 36 26 3 40 38 42 44 46 48 50 52 54 56 58 60 62 64 66 68 70 72 12 25 8 20 30 6 28 15 22 10 35 18 7 24 5 32 14 19
36 26 3 40 38 42 44 46 48 50 52 54 56 58 60 62 64 66 68 70 72 12 25 8 20 30 6 28 15 22 10 35 18 7 24 5 32 14 19 4
26 3 40 38 42 44 46 48 50 52 54 56 58 60 62 64 66 68 70 72 12 25 8 20 30 6 28 15 22 10 35 18 7 24 5 32 14 19 4 36
3 40 38 42 44 46 48 50 52 54 56 58 60 62 64 66 68 70 72 12 25 8 20 30 6 28 15 22 10 35 18 7 24 5 32 14 19 4 36 26
40 38 42 44 46 48 50 52 54 56 58 60 62 64 66 68 70 72 12 25 8 20 30 6 28 15 22 10 35 18 7 24 5 32 14 19 4 36 26 3
38 42 44 46 48 50 52 54 56 58 60 62 64 66 68 70 72 12 25 8 20 30 6 28 15 22 10 35 18 7 24 5 32 14 19 4 36 26 3 40
42 44 46 48 50 52 54 56 58 60 62 64 66 68 70 72 12 25 8 20 30 6 28 15 22 10 35 18 7 24 5 32 14 19 4 36 26 3 40 38
44 46 48 50 52 54 56 58 60 62 64 66 68 70 72 12 25 8 20 30 6 28 15 22 10 35 18 7 24 5 32 14 19 4 36 26 3 40 38 42
46 48 50 52 54 56 58 60 62 64 66 68 70 72 12 25 8 20 30 6 28 15 22 10 35 18 7 24 5 32 14 19 4 36 26 3 40 38 42 44
48 50 52 54 56 58 60 62 64 66 68 70 72 12 25 8 20 30 6 28 15 22 10 35 18 7 24 5 32 14 19 4 36 26 3 40 38 42 44 46
50 52 54 56 58 60 62 64 66 68 70 72 12 25 8 20 30 6 28 15 22 10 35 18 7 24 5 32 14 19 4 36 26 3 40 38 42 44 46 48
52 54 56 58 60 62 64 66 68 70 72 12 25 8 20 30 6 28 15 22 10 35 18 7 24 5 32 14 19 4 36 26 3 40 38 42 44 46 48 50
54 56 58 60 62 64 66 68 70 72 12 25 8 20 30 6 28 15 22 10 35 18 7 24 5 32 14 19 4 36 26 3 40 38 42 44 46 48 50 52
56 58 60 62 64 66 68 70 72 12 25 8 20 30 6 28 15 22 10 35 18 7 24 5 32 14 19 4 36 26 3 40 38 42 44 46 48 50 52 54
58 60 62 64 66 68 70 72 12 25 8 20 30 6 28 15 22 10 35 18 7 24 5 32 14 19 4 36 26 3 40 38 42 44 46 48 50 52 54 56
60 62 64 66 68 70 72 12 25 8 20 30 6 28 15 22 10 35 18 7 24 5 32 14 19 4 36 26 3 40 38 42 44 46 48 50 52 54 56 58
62 64 66 68 70 72 12 25 8 20 30 6 28 15 22 10 35 18 7 24 5 32 14 19 4 36 26 3 40 38 42 44 46 48 50 52 54 56 58 60
64 66 68 70 72 12 25 8 20 30 6 28 15 22 10 35 18 7 24 5 32 14 19 4 36 26 3 40 38 42 44 46 48 50 52 54 56 58 60 62
66 68 70 72 12 25 8 20 30 6 28 15 22 10 35 18 7 24 5 32 14 19 4 36 26 3 40 38 42 44 46 48 50 52 54 56 58 60 62 64
68 70 72 12 25 8 20 30 6 28 15 22 10 35 18 7 24 5 32 14 19 4 36 26 3 40 38 42 44 46 48 50 52 54 56 58 60 62 64 66
70 72 12 25 8 20 30 6 28 15 22 10 35 18 7 24 5 32 14 19 4 36 26 3 40 38 42 44 46 48 50 52 54 56 58 60 62 64 66 68
72 12 25 8 20 30 6 28 15 22 10 35 18 7 24 5 32 14 19 4 36 26 3 40 38 42 44 46 48 50 52 54 56 58 60 62 64 66 68 70
1 1 1 1
1 1 1 1
1 1 1 1
1 1 1 1
1 1 1 1
1 1 1 1
1 1 1 1
1 1 1 1
1 1 1 1
1 1 1 1