10 20 10
40 20 0 15 23 18 30 23 0 7 8 16 39 25 40 23 0 9 20 25
20 20 10 0 0 5 6 15 18 9 0 0 0 5 7 20 15 0 0 10 
0 10 25 15 0 0 0 0 10 11 20 21 0 5 12 14 2 3 10 0
15 0 15 17 10 11 7 8 5 0 5 0 0 16 3 0 2 0 4 10
23 0 0 10 40 34 30 10 4 5 0 6 27 32 38 2 0 0 18 29
18 5 0 11 34 35 10 23 24 10 0 0 0 0 0 2 1 8 9 20
30 6 0 7 30 10 30 0 0 1 7 8 9 20 25 29 10 13 16 0
23 15 0 8 10 23 0 25 10 11 19 21 0 2 2 1 22 16 0 1
0 18 10 5 4 24 0 10 25 0 0 1 4 17 21 0 7 3 8 0
7 9 11 0 5 10 1 11 0 13 1 1 2 3 0 5 9 10 0 1
8 0 20 5 0 0 7 19 0 1 22 19 17 0 3 5 7 0 5 8
16 0 21 0 6 0 8 21 1 1 19 33 23 6 16 22 0 10 17 14
39 0 0 0 27 0 9 0 4 2 17 23 45 36 28 9 2 27 10 16
25 5 5 16 32 0 20 2 17 3 0 6 36 38 22 29 10 15 4 18
40 7 12 3 38 0 25 2 21 0 3 16 28 22 44 32 19 4 10 17
23 20 14 0 2 2 29 1 0 5 5 22 9 29 32 32 10 20 8 1 
0 15 2 2 0 1 10 22 7 9 7 0 2 10 19 10 26 10 8 6 
9 0 3 0 0 8 13 16 3 10 0 10 27 15 4 20 10 31 20 0
20 0 10 4 18 9 16 0 8 0 5 17 10 4 10 8 8 20 21 5
25 10 0 10 29 20 0 1 0 1 8 14 16 18 17 1 6 0 5 31
1 1 1 0 1 1 1 0 1 1
0 1 1 1 1 1 1 1 1 1
0 0 0 0 0 0 1 0 1 1
1 1 1 0 0 0 1 1 1 1
1 1 1 1 1 1 1 1 1 1
0 0 0 0 0 0 0 0 0 0
1 0 0 1 1 0 0 1 1 1
1 0 1 1 1 1 1 0 1 1
1 1 1 1 1 1 1 1 1 1
1 0 1 0 0 1 0 0 1 1